 #   E (MEV)       THETA_CM     SIG_EL/SIG_R  SIG_INEL(MB)  SIG_INEL/SIG_R  SIG_QEL/SIG_R
    0.42000E+02    0.18000E+03    0.54402E+00    0.82210E+02    0.45461E+00    0.99863E+00
    0.42100E+02    0.18000E+03    0.54149E+00    0.82187E+02    0.45665E+00    0.99814E+00
    0.42200E+02    0.18000E+03    0.53896E+00    0.82186E+02    0.45882E+00    0.99778E+00
    0.42300E+02    0.18000E+03    0.53640E+00    0.82247E+02    0.46134E+00    0.99774E+00
    0.42400E+02    0.18000E+03    0.53380E+00    0.82373E+02    0.46423E+00    0.99803E+00
    0.42500E+02    0.18000E+03    0.53118E+00    0.82528E+02    0.46730E+00    0.99848E+00
    0.42600E+02    0.18000E+03    0.52856E+00    0.82662E+02    0.47026E+00    0.99882E+00
    0.42700E+02    0.18000E+03    0.52598E+00    0.82733E+02    0.47288E+00    0.99886E+00
    0.42800E+02    0.18000E+03    0.52343E+00    0.82737E+02    0.47512E+00    0.99855E+00
    0.42900E+02    0.18000E+03    0.52091E+00    0.82704E+02    0.47715E+00    0.99807E+00
    0.43000E+02    0.18000E+03    0.51839E+00    0.82684E+02    0.47926E+00    0.99765E+00
    0.43100E+02    0.18000E+03    0.51584E+00    0.82718E+02    0.48169E+00    0.99753E+00
    0.43200E+02    0.18000E+03    0.51326E+00    0.82815E+02    0.48450E+00    0.99776E+00
    0.43300E+02    0.18000E+03    0.51066E+00    0.82950E+02    0.48754E+00    0.99820E+00
    0.43400E+02    0.18000E+03    0.50806E+00    0.83075E+02    0.49053E+00    0.99858E+00
    0.43500E+02    0.18000E+03    0.50548E+00    0.83147E+02    0.49322E+00    0.99870E+00
    0.43600E+02    0.18000E+03    0.50294E+00    0.83152E+02    0.49552E+00    0.99846E+00
    0.43700E+02    0.18000E+03    0.50043E+00    0.83112E+02    0.49755E+00    0.99798E+00
    0.43800E+02    0.18000E+03    0.49793E+00    0.83071E+02    0.49959E+00    0.99752E+00
    0.43900E+02    0.18000E+03    0.49541E+00    0.83075E+02    0.50190E+00    0.99730E+00
    0.44000E+02    0.18000E+03    0.49286E+00    0.83139E+02    0.50458E+00    0.99743E+00
    0.44100E+02    0.18000E+03    0.49028E+00    0.83249E+02    0.50754E+00    0.99782E+00
    0.44200E+02    0.18000E+03    0.48770E+00    0.83363E+02    0.51054E+00    0.99825E+00
    0.44300E+02    0.18000E+03    0.48514E+00    0.83436E+02    0.51331E+00    0.99845E+00
    0.44400E+02    0.18000E+03    0.48262E+00    0.83447E+02    0.51569E+00    0.99831E+00
    0.44500E+02    0.18000E+03    0.48013E+00    0.83404E+02    0.51775E+00    0.99788E+00
    0.44600E+02    0.18000E+03    0.47765E+00    0.83346E+02    0.51972E+00    0.99737E+00
    0.44700E+02    0.18000E+03    0.47517E+00    0.83316E+02    0.52187E+00    0.99704E+00
    0.44800E+02    0.18000E+03    0.47266E+00    0.83343E+02    0.52437E+00    0.99704E+00
    0.44900E+02    0.18000E+03    0.47013E+00    0.83422E+02    0.52721E+00    0.99735E+00
    0.45000E+02    0.18000E+03    0.46759E+00    0.83520E+02    0.53019E+00    0.99778E+00
    0.45100E+02    0.18000E+03    0.46506E+00    0.83594E+02    0.53302E+00    0.99808E+00
    0.45200E+02    0.18000E+03    0.46256E+00    0.83612E+02    0.53550E+00    0.99806E+00
    0.45300E+02    0.18000E+03    0.46010E+00    0.83572E+02    0.53762E+00    0.99771E+00
    0.45400E+02    0.18000E+03    0.45766E+00    0.83501E+02    0.53953E+00    0.99719E+00
    0.45500E+02    0.18000E+03    0.45522E+00    0.83440E+02    0.54152E+00    0.99674E+00
    0.45600E+02    0.18000E+03    0.45277E+00    0.83425E+02    0.54380E+00    0.99658E+00
    0.45700E+02    0.18000E+03    0.45030E+00    0.83464E+02    0.54645E+00    0.99675E+00
    0.45800E+02    0.18000E+03    0.44781E+00    0.83538E+02    0.54933E+00    0.99714E+00
    0.45900E+02    0.18000E+03    0.44533E+00    0.83607E+02    0.55219E+00    0.99751E+00
    0.46000E+02    0.18000E+03    0.44287E+00    0.83634E+02    0.55477E+00    0.99764E+00
    0.46100E+02    0.18000E+03    0.44044E+00    0.83602E+02    0.55698E+00    0.99742E+00
    0.46200E+02    0.18000E+03    0.43805E+00    0.83526E+02    0.55888E+00    0.99693E+00
    0.46300E+02    0.18000E+03    0.43567E+00    0.83439E+02    0.56072E+00    0.99639E+00
    0.46400E+02    0.18000E+03    0.43329E+00    0.83381E+02    0.56276E+00    0.99604E+00
    0.46500E+02    0.18000E+03    0.43089E+00    0.83374E+02    0.56514E+00    0.99603E+00
    0.46600E+02    0.18000E+03    0.42847E+00    0.83413E+02    0.56783E+00    0.99631E+00
    0.46700E+02    0.18000E+03    0.42605E+00    0.83467E+02    0.57064E+00    0.99669E+00
    0.46800E+02    0.18000E+03    0.42365E+00    0.83498E+02    0.57330E+00    0.99695E+00
    0.46900E+02    0.18000E+03    0.42127E+00    0.83478E+02    0.57561E+00    0.99688E+00
    0.47000E+02    0.18000E+03    0.41893E+00    0.83404E+02    0.57756E+00    0.99649E+00
    0.47100E+02    0.18000E+03    0.41662E+00    0.83300E+02    0.57930E+00    0.99592E+00
    0.47200E+02    0.18000E+03    0.41432E+00    0.83203E+02    0.58109E+00    0.99541E+00
    0.47300E+02    0.18000E+03    0.41201E+00    0.83146E+02    0.58315E+00    0.99516E+00
    0.47400E+02    0.18000E+03    0.40968E+00    0.83137E+02    0.58556E+00    0.99524E+00
    0.47500E+02    0.18000E+03    0.40735E+00    0.83162E+02    0.58820E+00    0.99555E+00
    0.47600E+02    0.18000E+03    0.40502E+00    0.83186E+02    0.59085E+00    0.99587E+00
    0.47700E+02    0.18000E+03    0.40271E+00    0.83174E+02    0.59326E+00    0.99597E+00
    0.47800E+02    0.18000E+03    0.40044E+00    0.83110E+02    0.59528E+00    0.99572E+00
    0.47900E+02    0.18000E+03    0.39820E+00    0.83000E+02    0.59699E+00    0.99519E+00
    0.48000E+02    0.18000E+03    0.39599E+00    0.82873E+02    0.59857E+00    0.99456E+00
    0.48100E+02    0.18000E+03    0.39378E+00    0.82765E+02    0.60028E+00    0.99406E+00
    0.48200E+02    0.18000E+03    0.39157E+00    0.82699E+02    0.60230E+00    0.99386E+00
    0.48300E+02    0.18000E+03    0.38934E+00    0.82677E+02    0.60464E+00    0.99398E+00
    0.48400E+02    0.18000E+03    0.38711E+00    0.82676E+02    0.60714E+00    0.99425E+00
    0.48500E+02    0.18000E+03    0.38489E+00    0.82663E+02    0.60955E+00    0.99444E+00
    0.48600E+02    0.18000E+03    0.38270E+00    0.82607E+02    0.61165E+00    0.99435E+00
    0.48700E+02    0.18000E+03    0.38055E+00    0.82499E+02    0.61337E+00    0.99392E+00
    0.48800E+02    0.18000E+03    0.37844E+00    0.82354E+02    0.61481E+00    0.99325E+00
    0.48900E+02    0.18000E+03    0.37634E+00    0.82202E+02    0.61619E+00    0.99253E+00
    0.49000E+02    0.18000E+03    0.37425E+00    0.82074E+02    0.61775E+00    0.99200E+00
    0.49100E+02    0.18000E+03    0.37215E+00    0.81988E+02    0.61963E+00    0.99178E+00
    0.49200E+02    0.18000E+03    0.37004E+00    0.81939E+02    0.62178E+00    0.99182E+00
    0.49300E+02    0.18000E+03    0.36794E+00    0.81901E+02    0.62402E+00    0.99196E+00
    0.49400E+02    0.18000E+03    0.36586E+00    0.81842E+02    0.62610E+00    0.99196E+00
    0.49500E+02    0.18000E+03    0.36381E+00    0.81736E+02    0.62783E+00    0.99164E+00
    0.49600E+02    0.18000E+03    0.36180E+00    0.81582E+02    0.62918E+00    0.99098E+00
    0.49700E+02    0.18000E+03    0.35983E+00    0.81396E+02    0.63027E+00    0.99010E+00
    0.49800E+02    0.18000E+03    0.35787E+00    0.81208E+02    0.63135E+00    0.98922E+00
    0.49900E+02    0.18000E+03    0.35592E+00    0.81046E+02    0.63263E+00    0.98855E+00
    0.50000E+02    0.18000E+03    0.35396E+00    0.80924E+02    0.63421E+00    0.98816E+00
    0.50100E+02    0.18000E+03    0.35200E+00    0.80831E+02    0.63601E+00    0.98801E+00
    0.50200E+02    0.18000E+03    0.35004E+00    0.80741E+02    0.63785E+00    0.98789E+00
    0.50300E+02    0.18000E+03    0.34811E+00    0.80624E+02    0.63946E+00    0.98758E+00
    0.50400E+02    0.18000E+03    0.34622E+00    0.80460E+02    0.64071E+00    0.98693E+00
    0.50500E+02    0.18000E+03    0.34437E+00    0.80249E+02    0.64156E+00    0.98592E+00
    0.50600E+02    0.18000E+03    0.34254E+00    0.80009E+02    0.64218E+00    0.98472E+00
    0.50700E+02    0.18000E+03    0.34073E+00    0.79769E+02    0.64278E+00    0.98352E+00
    0.50800E+02    0.18000E+03    0.33893E+00    0.79554E+02    0.64358E+00    0.98251E+00
    0.50900E+02    0.18000E+03    0.33712E+00    0.79374E+02    0.64466E+00    0.98178E+00
    0.51000E+02    0.18000E+03    0.33531E+00    0.79218E+02    0.64592E+00    0.98123E+00
    0.51100E+02    0.18000E+03    0.33351E+00    0.79059E+02    0.64716E+00    0.98067E+00
    0.51200E+02    0.18000E+03    0.33174E+00    0.78871E+02    0.64815E+00    0.97988E+00
    0.51300E+02    0.18000E+03    0.32999E+00    0.78636E+02    0.64874E+00    0.97873E+00
    0.51400E+02    0.18000E+03    0.32828E+00    0.78354E+02    0.64894E+00    0.97722E+00
    0.51500E+02    0.18000E+03    0.32660E+00    0.78044E+02    0.64889E+00    0.97549E+00
    0.51600E+02    0.18000E+03    0.32493E+00    0.77735E+02    0.64883E+00    0.97376E+00
    0.51700E+02    0.18000E+03    0.32326E+00    0.77448E+02    0.64895E+00    0.97221E+00
    0.51800E+02    0.18000E+03    0.32158E+00    0.77193E+02    0.64931E+00    0.97089E+00
    0.51900E+02    0.18000E+03    0.31990E+00    0.76957E+02    0.64983E+00    0.96973E+00
    0.52000E+02    0.18000E+03    0.31822E+00    0.76718E+02    0.65031E+00    0.96853E+00
    0.52100E+02    0.18000E+03    0.31656E+00    0.76448E+02    0.65052E+00    0.96707E+00
    0.52200E+02    0.18000E+03    0.31492E+00    0.76133E+02    0.65032E+00    0.96525E+00
    0.52300E+02    0.18000E+03    0.31331E+00    0.75773E+02    0.64973E+00    0.96305E+00
    0.52400E+02    0.18000E+03    0.31172E+00    0.75387E+02    0.64889E+00    0.96062E+00
    0.52500E+02    0.18000E+03    0.31014E+00    0.74999E+02    0.64802E+00    0.95816E+00
    0.52600E+02    0.18000E+03    0.30855E+00    0.74631E+02    0.64730E+00    0.95585E+00
    0.52700E+02    0.18000E+03    0.30695E+00    0.74291E+02    0.64681E+00    0.95375E+00
    0.52800E+02    0.18000E+03    0.30533E+00    0.73970E+02    0.64646E+00    0.95179E+00
    0.52900E+02    0.18000E+03    0.30371E+00    0.73646E+02    0.64607E+00    0.94977E+00
    0.53000E+02    0.18000E+03    0.30209E+00    0.73295E+02    0.64542E+00    0.94752E+00
    0.53100E+02    0.18000E+03    0.30050E+00    0.72902E+02    0.64438E+00    0.94488E+00
    0.53200E+02    0.18000E+03    0.29893E+00    0.72465E+02    0.64294E+00    0.94186E+00
    0.53300E+02    0.18000E+03    0.29737E+00    0.72001E+02    0.64122E+00    0.93859E+00
    0.53400E+02    0.18000E+03    0.29581E+00    0.71532E+02    0.63944E+00    0.93525E+00
    0.53500E+02    0.18000E+03    0.29424E+00    0.71080E+02    0.63778E+00    0.93201E+00
    0.53600E+02    0.18000E+03    0.29265E+00    0.70651E+02    0.63631E+00    0.92895E+00
    0.53700E+02    0.18000E+03    0.29104E+00    0.70241E+02    0.63497E+00    0.92601E+00
    0.53800E+02    0.18000E+03    0.28942E+00    0.69829E+02    0.63360E+00    0.92302E+00
    0.53900E+02    0.18000E+03    0.28780E+00    0.69394E+02    0.63200E+00    0.91980E+00
    0.54000E+02    0.18000E+03    0.28619E+00    0.68919E+02    0.63000E+00    0.91620E+00
    0.54100E+02    0.18000E+03    0.28460E+00    0.68402E+02    0.62760E+00    0.91220E+00
    0.54200E+02    0.18000E+03    0.28303E+00    0.67854E+02    0.62487E+00    0.90790E+00
    0.54300E+02    0.18000E+03    0.28145E+00    0.67296E+02    0.62202E+00    0.90347E+00
    0.54400E+02    0.18000E+03    0.27985E+00    0.66746E+02    0.61921E+00    0.89907E+00
    0.54500E+02    0.18000E+03    0.27824E+00    0.66215E+02    0.61655E+00    0.89478E+00
    0.54600E+02    0.18000E+03    0.27659E+00    0.65700E+02    0.61400E+00    0.89059E+00
    0.54700E+02    0.18000E+03    0.27494E+00    0.65184E+02    0.61141E+00    0.88635E+00
    0.54800E+02    0.18000E+03    0.27327E+00    0.64649E+02    0.60861E+00    0.88188E+00
    0.54900E+02    0.18000E+03    0.27161E+00    0.64076E+02    0.60542E+00    0.87703E+00
    0.55000E+02    0.18000E+03    0.26995E+00    0.63462E+02    0.60180E+00    0.87175E+00
    0.55100E+02    0.18000E+03    0.26830E+00    0.62812E+02    0.59781E+00    0.86611E+00
    0.55200E+02    0.18000E+03    0.26664E+00    0.62144E+02    0.59360E+00    0.86024E+00
    0.55300E+02    0.18000E+03    0.26495E+00    0.61476E+02    0.58935E+00    0.85430E+00
    0.55400E+02    0.18000E+03    0.26323E+00    0.60819E+02    0.58516E+00    0.84839E+00
    0.55500E+02    0.18000E+03    0.26147E+00    0.60174E+02    0.58104E+00    0.84251E+00
    0.55600E+02    0.18000E+03    0.25967E+00    0.59529E+02    0.57690E+00    0.83657E+00
    0.55700E+02    0.18000E+03    0.25784E+00    0.58869E+02    0.57255E+00    0.83039E+00
    0.55800E+02    0.18000E+03    0.25599E+00    0.58175E+02    0.56783E+00    0.82383E+00
    0.55900E+02    0.18000E+03    0.25413E+00    0.57441E+02    0.56268E+00    0.81681E+00
    0.56000E+02    0.18000E+03    0.25224E+00    0.56669E+02    0.55711E+00    0.80935E+00
    0.56100E+02    0.18000E+03    0.25032E+00    0.55872E+02    0.55123E+00    0.80156E+00
    0.56200E+02    0.18000E+03    0.24835E+00    0.55066E+02    0.54522E+00    0.79357E+00
    0.56300E+02    0.18000E+03    0.24632E+00    0.54264E+02    0.53919E+00    0.78551E+00
    0.56400E+02    0.18000E+03    0.24421E+00    0.53471E+02    0.53320E+00    0.77741E+00
    0.56500E+02    0.18000E+03    0.24202E+00    0.52680E+02    0.52718E+00    0.76920E+00
    0.56600E+02    0.18000E+03    0.23976E+00    0.51878E+02    0.52100E+00    0.76076E+00
    0.56700E+02    0.18000E+03    0.23744E+00    0.51052E+02    0.51451E+00    0.75196E+00
    0.56800E+02    0.18000E+03    0.23506E+00    0.50192E+02    0.50763E+00    0.74269E+00
    0.56900E+02    0.18000E+03    0.23262E+00    0.49296E+02    0.50033E+00    0.73295E+00
    0.57000E+02    0.18000E+03    0.23011E+00    0.48374E+02    0.49269E+00    0.72280E+00
    0.57100E+02    0.18000E+03    0.22751E+00    0.47439E+02    0.48487E+00    0.71238E+00
    0.57200E+02    0.18000E+03    0.22481E+00    0.46505E+02    0.47699E+00    0.70180E+00
    0.57300E+02    0.18000E+03    0.22200E+00    0.45580E+02    0.46913E+00    0.69114E+00
    0.57400E+02    0.18000E+03    0.21908E+00    0.44663E+02    0.46130E+00    0.68038E+00
    0.57500E+02    0.18000E+03    0.21604E+00    0.43746E+02    0.45341E+00    0.66946E+00
    0.57600E+02    0.18000E+03    0.21291E+00    0.42819E+02    0.44535E+00    0.65826E+00
    0.57700E+02    0.18000E+03    0.20969E+00    0.41872E+02    0.43701E+00    0.64670E+00
    0.57800E+02    0.18000E+03    0.20638E+00    0.40900E+02    0.42835E+00    0.63473E+00
    0.57900E+02    0.18000E+03    0.20299E+00    0.39910E+02    0.41943E+00    0.62242E+00
    0.58000E+02    0.18000E+03    0.19950E+00    0.38911E+02    0.41034E+00    0.60984E+00
    0.58100E+02    0.18000E+03    0.19592E+00    0.37915E+02    0.40122E+00    0.59713E+00
    0.58200E+02    0.18000E+03    0.19223E+00    0.36933E+02    0.39217E+00    0.58440E+00
    0.58300E+02    0.18000E+03    0.18843E+00    0.35968E+02    0.38324E+00    0.57167E+00
    0.58400E+02    0.18000E+03    0.18454E+00    0.35019E+02    0.37440E+00    0.55894E+00
    0.58500E+02    0.18000E+03    0.18056E+00    0.34077E+02    0.36558E+00    0.54614E+00
    0.58600E+02    0.18000E+03    0.17651E+00    0.33133E+02    0.35668E+00    0.53319E+00
    0.58700E+02    0.18000E+03    0.17241E+00    0.32184E+02    0.34764E+00    0.52005E+00
    0.58800E+02    0.18000E+03    0.16827E+00    0.31228E+02    0.33847E+00    0.50673E+00
    0.58900E+02    0.18000E+03    0.16408E+00    0.30272E+02    0.32922E+00    0.49330E+00
    0.59000E+02    0.18000E+03    0.15986E+00    0.29325E+02    0.32000E+00    0.47986E+00
    0.59100E+02    0.18000E+03    0.15559E+00    0.28396E+02    0.31092E+00    0.46651E+00
    0.59200E+02    0.18000E+03    0.15129E+00    0.27492E+02    0.30205E+00    0.45334E+00
    0.59300E+02    0.18000E+03    0.14697E+00    0.26615E+02    0.29340E+00    0.44036E+00
    0.59400E+02    0.18000E+03    0.14262E+00    0.25761E+02    0.28494E+00    0.42756E+00
    0.59500E+02    0.18000E+03    0.13828E+00    0.24922E+02    0.27659E+00    0.41487E+00
    0.59600E+02    0.18000E+03    0.13395E+00    0.24094E+02    0.26829E+00    0.40225E+00
    0.59700E+02    0.18000E+03    0.12966E+00    0.23271E+02    0.26001E+00    0.38966E+00
    0.59800E+02    0.18000E+03    0.12540E+00    0.22456E+02    0.25174E+00    0.37714E+00
    0.59900E+02    0.18000E+03    0.12120E+00    0.21652E+02    0.24354E+00    0.36474E+00
    0.60000E+02    0.18000E+03    0.11704E+00    0.20868E+02    0.23550E+00    0.35254E+00
    0.60100E+02    0.18000E+03    0.11292E+00    0.20109E+02    0.22769E+00    0.34062E+00
    0.60200E+02    0.18000E+03    0.10886E+00    0.19379E+02    0.22016E+00    0.32902E+00
    0.60300E+02    0.18000E+03    0.10486E+00    0.18678E+02    0.21291E+00    0.31776E+00
    0.60400E+02    0.18000E+03    0.10092E+00    0.18003E+02    0.20589E+00    0.30681E+00
    0.60500E+02    0.18000E+03    0.97055E-01    0.17348E+02    0.19905E+00    0.29611E+00
    0.60600E+02    0.18000E+03    0.93281E-01    0.16707E+02    0.19234E+00    0.28562E+00
    0.60700E+02    0.18000E+03    0.89603E-01    0.16078E+02    0.18571E+00    0.27531E+00
    0.60800E+02    0.18000E+03    0.86027E-01    0.15461E+02    0.17916E+00    0.26519E+00
    0.60900E+02    0.18000E+03    0.82551E-01    0.14858E+02    0.17275E+00    0.25530E+00
    0.61000E+02    0.18000E+03    0.79175E-01    0.14275E+02    0.16651E+00    0.24569E+00
    0.61100E+02    0.18000E+03    0.75896E-01    0.13716E+02    0.16052E+00    0.23641E+00
    0.61200E+02    0.18000E+03    0.72710E-01    0.13183E+02    0.15478E+00    0.22749E+00
    0.61300E+02    0.18000E+03    0.69618E-01    0.12676E+02    0.14932E+00    0.21894E+00
    0.61400E+02    0.18000E+03    0.66623E-01    0.12192E+02    0.14409E+00    0.21071E+00
    0.61500E+02    0.18000E+03    0.63730E-01    0.11727E+02    0.13905E+00    0.20278E+00
    0.61600E+02    0.18000E+03    0.60943E-01    0.11277E+02    0.13415E+00    0.19509E+00
    0.61700E+02    0.18000E+03    0.58264E-01    0.10838E+02    0.12934E+00    0.18761E+00
    0.61800E+02    0.18000E+03    0.55695E-01    0.10410E+02    0.12463E+00    0.18033E+00
    0.61900E+02    0.18000E+03    0.53233E-01    0.99933E+01    0.12003E+00    0.17327E+00
    0.62000E+02    0.18000E+03    0.50873E-01    0.95917E+01    0.11558E+00    0.16646E+00
    0.62100E+02    0.18000E+03    0.48609E-01    0.92079E+01    0.11132E+00    0.15993E+00
    0.62200E+02    0.18000E+03    0.46437E-01    0.88442E+01    0.10726E+00    0.15370E+00
    0.62300E+02    0.18000E+03    0.44351E-01    0.85008E+01    0.10343E+00    0.14778E+00
    0.62400E+02    0.18000E+03    0.42351E-01    0.81762E+01    0.99802E-01    0.14215E+00
    0.62500E+02    0.18000E+03    0.40437E-01    0.78675E+01    0.96342E-01    0.13678E+00
    0.62600E+02    0.18000E+03    0.38609E-01    0.75712E+01    0.93010E-01    0.13162E+00
    0.62700E+02    0.18000E+03    0.36869E-01    0.72843E+01    0.89771E-01    0.12664E+00
    0.62800E+02    0.18000E+03    0.35216E-01    0.70051E+01    0.86607E-01    0.12182E+00
    0.62900E+02    0.18000E+03    0.33646E-01    0.67337E+01    0.83517E-01    0.11716E+00
    0.63000E+02    0.18000E+03    0.32156E-01    0.64714E+01    0.80518E-01    0.11267E+00
    0.63100E+02    0.18000E+03    0.30741E-01    0.62202E+01    0.77639E-01    0.10838E+00
    0.63200E+02    0.18000E+03    0.29393E-01    0.59822E+01    0.74905E-01    0.10430E+00
    0.63300E+02    0.18000E+03    0.28109E-01    0.57583E+01    0.72330E-01    0.10044E+00
    0.63400E+02    0.18000E+03    0.26884E-01    0.55484E+01    0.69914E-01    0.96797E-01
    0.63500E+02    0.18000E+03    0.25717E-01    0.53510E+01    0.67640E-01    0.93356E-01
    0.63600E+02    0.18000E+03    0.24607E-01    0.51639E+01    0.65480E-01    0.90087E-01
    0.63700E+02    0.18000E+03    0.23554E-01    0.49845E+01    0.63403E-01    0.86958E-01
    0.63800E+02    0.18000E+03    0.22559E-01    0.48107E+01    0.61385E-01    0.83944E-01
    0.63900E+02    0.18000E+03    0.21620E-01    0.46414E+01    0.59411E-01    0.81031E-01
    0.64000E+02    0.18000E+03    0.20733E-01    0.44768E+01    0.57484E-01    0.78217E-01
