    42.000       0.45060E-01    1850.2    
    42.100       0.45103E-01    1856.8    
    42.200       0.45146E-01    1863.4    
    42.300       0.45187E-01    1870.0    
    42.400       0.45229E-01    1876.6    
    42.500       0.45270E-01    1883.2    
    42.600       0.45312E-01    1889.8    
    42.700       0.45354E-01    1896.3    
    42.800       0.45395E-01    1902.8    
    42.900       0.45436E-01    1909.4    
    43.000       0.45476E-01    1915.9    
    43.100       0.45516E-01    1922.3    
    43.200       0.45555E-01    1928.8    
    43.300       0.45595E-01    1935.3    
    43.400       0.45636E-01    1941.7    
    43.500       0.45676E-01    1948.1    
    43.600       0.45718E-01    1954.6    
    43.700       0.45759E-01    1960.9    
    43.800       0.45800E-01    1967.3    
    43.900       0.45842E-01    1973.7    
    44.000       0.45885E-01    1980.0    
    44.100       0.45929E-01    1986.3    
    44.200       0.45975E-01    1992.7    
    44.300       0.46022E-01    1999.0    
    44.400       0.46072E-01    2005.2    
    44.500       0.46125E-01    2011.5    
    44.600       0.46180E-01    2017.7    
    44.700       0.46238E-01    2024.0    
    44.800       0.46301E-01    2030.2    
    44.900       0.46369E-01    2036.4    
    45.000       0.46443E-01    2042.6    
    45.100       0.46525E-01    2048.7    
    45.200       0.46615E-01    2054.9    
    45.300       0.46715E-01    2061.0    
    45.400       0.46827E-01    2067.1    
    45.500       0.46951E-01    2073.2    
    45.600       0.47090E-01    2079.3    
    45.700       0.47248E-01    2085.3    
    45.800       0.47427E-01    2091.4    
    45.900       0.47630E-01    2097.4    
    46.000       0.47862E-01    2103.4    
    46.100       0.48126E-01    2109.4    
    46.200       0.48428E-01    2115.4    
    46.300       0.48772E-01    2121.3    
    46.400       0.49166E-01    2127.2    
    46.500       0.49617E-01    2133.2    
    46.600       0.50133E-01    2139.1    
    46.700       0.50724E-01    2144.9    
    46.800       0.51400E-01    2150.8    
    46.900       0.52175E-01    2156.6    
    47.000       0.53062E-01    2162.5    
    47.100       0.54076E-01    2168.3    
    47.200       0.55235E-01    2174.1    
    47.300       0.56560E-01    2179.8    
    47.400       0.58072E-01    2185.6    
    47.500       0.59796E-01    2191.3    
    47.600       0.61762E-01    2197.0    
    47.700       0.64001E-01    2202.7    
    47.800       0.66549E-01    2208.4    
    47.900       0.69446E-01    2214.0    
    48.000       0.72737E-01    2219.7    
    48.100       0.76472E-01    2225.3    
    48.200       0.80706E-01    2230.8    
    48.300       0.85501E-01    2236.4    
    48.400       0.90924E-01    2242.0    
    48.500       0.97053E-01    2247.5    
    48.600       0.10397        2253.0    
    48.700       0.11177        2258.5    
    48.800       0.12056        2264.0    
    48.900       0.13046        2269.4    
    49.000       0.14158        2274.8    
    49.100       0.15407        2280.2    
    49.200       0.16807        2285.6    
    49.300       0.18375        2290.9    
    49.400       0.20130        2296.3    
    49.500       0.22090        2301.6    
    49.600       0.24278        2306.9    
    49.700       0.26718        2312.1    
    49.800       0.29435        2317.4    
    49.900       0.32457        2322.6    
    50.000       0.35813        2327.8    
    50.100       0.39535        2332.9    
    50.200       0.43656        2338.0    
    50.300       0.48214        2343.2    
    50.400       0.53249        2348.2    
    50.500       0.58803        2353.3    
    50.600       0.64922        2358.3    
    50.700       0.71655        2363.3    
    50.800       0.79050        2368.2    
    50.900       0.87161        2373.2    
    51.000       0.96041        2378.1    
    51.100        1.0575        2382.9    
    51.200        1.1634        2387.8    
    51.300        1.2789        2392.6    
    51.400        1.4046        2397.3    
    51.500        1.5411        2402.1    
    51.600        1.6893        2406.8    
    51.700        1.8497        2411.4    
    51.800        2.0232        2416.0    
    51.900        2.2105        2420.6    
    52.000        2.4122        2425.1    
    52.100        2.6292        2429.6    
    52.200        2.8623        2434.1    
    52.300        3.1123        2438.5    
    52.400        3.3800        2442.9    
    52.500        3.6662        2447.2    
    52.600        3.9718        2451.5    
    52.700        4.2975        2455.7    
    52.800        4.6441        2459.9    
    52.900        5.0124        2464.1    
    53.000        5.4032        2468.2    
    53.100        5.8173        2472.2    
    53.200        6.2557        2476.2    
    53.300        6.7193        2480.2    
    53.400        7.2090        2484.1    
    53.500        7.7256        2487.9    
    53.600        8.2699        2491.7    
    53.700        8.8428        2495.5    
    53.800        9.4451        2499.2    
    53.900        10.078        2502.8    
    54.000        10.742        2506.4    
    54.100        11.439        2509.9    
    54.200        12.170        2513.4    
    54.300        12.935        2516.8    
    54.400        13.736        2520.2    
    54.500        14.574        2523.5    
    54.600        15.450        2526.7    
    54.700        16.365        2529.9    
    54.800        17.321        2533.0    
    54.900        18.319        2536.0    
    55.000        19.359        2539.0    
    55.100        20.445        2542.0    
    55.200        21.577        2544.8    
    55.300        22.757        2547.6    
    55.400        23.986        2550.3    
    55.500        25.266        2553.0    
    55.600        26.598        2555.6    
    55.700        27.985        2558.1    
    55.800        29.427        2560.6    
    55.900        30.928        2563.0    
    56.000        32.489        2565.3    
    56.100        34.113        2567.5    
    56.200        35.800        2569.6    
    56.300        37.554        2571.7    
    56.400        39.376        2573.7    
    56.500        41.269        2575.6    
    56.600        43.234        2577.5    
    56.700        45.274        2579.2    
    56.800        47.392        2580.9    
    56.900        49.588        2582.5    
    57.000        51.867        2584.0    
    57.100        54.230        2585.5    
    57.200        56.679        2586.8    
    57.300        59.216        2588.0    
    57.400        61.843        2589.2    
    57.500        64.561        2590.3    
    57.600        67.373        2591.3    
    57.700        70.281        2592.2    
    57.800        73.285        2593.0    
    57.900        76.387        2593.7    
    58.000        79.589        2594.3    
    58.100        82.891        2594.9    
    58.200        86.295        2595.3    
    58.300        89.800        2595.7    
    58.400        93.406        2595.9    
    58.500        97.114        2596.1    
    58.600        100.92        2596.2    
    58.700        104.84        2596.2    
    58.800        108.85        2596.1    
    58.900        112.96        2596.0    
    59.000        117.17        2595.7    
    59.100        121.48        2595.4    
    59.200        125.89        2595.0    
    59.300        130.39        2594.5    
    59.400        134.99        2593.9    
    59.500        139.67        2593.2    
    59.600        144.45        2592.5    
    59.700        149.31        2591.7    
    59.800        154.25        2590.9    
    59.900        159.28        2589.9    
    60.000        164.38        2588.9    
    60.100        169.56        2587.9    
    60.200        174.82        2586.7    
    60.300        180.14        2585.5    
    60.400        185.53        2584.3    
    60.500        190.99        2583.0    
    60.600        196.51        2581.6    
    60.700        202.08        2580.2    
    60.800        207.71        2578.8    
    60.900        213.40        2577.3    
    61.000        219.13        2575.7    
    61.100        224.91        2574.1    
    61.200        230.74        2572.5    
    61.300        236.61        2570.8    
    61.400        242.51        2569.1    
    61.500        248.45        2567.3    
    61.600        254.43        2565.5    
    61.700        260.43        2563.7    
    61.800        266.46        2561.9    
    61.900        272.52        2560.0    
    62.000        278.60        2558.1    
    62.100        284.71        2556.1    
    62.200        290.83        2554.2    
    62.300        296.97        2552.2    
    62.400        303.13        2550.2    
    62.500        309.30        2548.1    
    62.600        315.48        2546.1    
    62.700        321.67        2544.0    
    62.800        327.87        2541.9    
    62.900        334.08        2539.8    
    63.000        340.30        2537.7    
    63.100        346.51        2535.6    
    63.200        352.73        2533.4    
    63.300        358.96        2531.3    
    63.400        365.18        2529.1    
    63.500        371.40        2526.9    
    63.600        377.62        2524.7    
    63.700        383.84        2522.5    
    63.800        390.05        2520.3    
    63.900        396.26        2518.0    
    64.000        402.47        2515.8    
