    0.42000E+02    0.42000E+02    0.99863E+00
    0.42100E+02    0.42100E+02    0.99814E+00
    0.42200E+02    0.42200E+02    0.99778E+00
    0.42300E+02    0.42300E+02    0.99774E+00
    0.42400E+02    0.42400E+02    0.99803E+00
    0.42500E+02    0.42500E+02    0.99848E+00
    0.42600E+02    0.42600E+02    0.99882E+00
    0.42700E+02    0.42700E+02    0.99886E+00
    0.42800E+02    0.42800E+02    0.99855E+00
    0.42900E+02    0.42900E+02    0.99807E+00
    0.43000E+02    0.43000E+02    0.99765E+00
    0.43100E+02    0.43100E+02    0.99753E+00
    0.43200E+02    0.43200E+02    0.99776E+00
    0.43300E+02    0.43300E+02    0.99820E+00
    0.43400E+02    0.43400E+02    0.99858E+00
    0.43500E+02    0.43500E+02    0.99870E+00
    0.43600E+02    0.43600E+02    0.99846E+00
    0.43700E+02    0.43700E+02    0.99798E+00
    0.43800E+02    0.43800E+02    0.99752E+00
    0.43900E+02    0.43900E+02    0.99730E+00
    0.44000E+02    0.44000E+02    0.99743E+00
    0.44100E+02    0.44100E+02    0.99782E+00
    0.44200E+02    0.44200E+02    0.99825E+00
    0.44300E+02    0.44300E+02    0.99845E+00
    0.44400E+02    0.44400E+02    0.99831E+00
    0.44500E+02    0.44500E+02    0.99788E+00
    0.44600E+02    0.44600E+02    0.99737E+00
    0.44700E+02    0.44700E+02    0.99704E+00
    0.44800E+02    0.44800E+02    0.99704E+00
    0.44900E+02    0.44900E+02    0.99735E+00
    0.45000E+02    0.45000E+02    0.99778E+00
    0.45100E+02    0.45100E+02    0.99808E+00
    0.45200E+02    0.45200E+02    0.99806E+00
    0.45300E+02    0.45300E+02    0.99771E+00
    0.45400E+02    0.45400E+02    0.99719E+00
    0.45500E+02    0.45500E+02    0.99674E+00
    0.45600E+02    0.45600E+02    0.99658E+00
    0.45700E+02    0.45700E+02    0.99675E+00
    0.45800E+02    0.45800E+02    0.99714E+00
    0.45900E+02    0.45900E+02    0.99751E+00
    0.46000E+02    0.46000E+02    0.99764E+00
    0.46100E+02    0.46100E+02    0.99742E+00
    0.46200E+02    0.46200E+02    0.99693E+00
    0.46300E+02    0.46300E+02    0.99639E+00
    0.46400E+02    0.46400E+02    0.99604E+00
    0.46500E+02    0.46500E+02    0.99603E+00
    0.46600E+02    0.46600E+02    0.99631E+00
    0.46700E+02    0.46700E+02    0.99669E+00
    0.46800E+02    0.46800E+02    0.99695E+00
    0.46900E+02    0.46900E+02    0.99688E+00
    0.47000E+02    0.47000E+02    0.99649E+00
    0.47100E+02    0.47100E+02    0.99592E+00
    0.47200E+02    0.47200E+02    0.99541E+00
    0.47300E+02    0.47300E+02    0.99516E+00
    0.47400E+02    0.47400E+02    0.99524E+00
    0.47500E+02    0.47500E+02    0.99555E+00
    0.47600E+02    0.47600E+02    0.99587E+00
    0.47700E+02    0.47700E+02    0.99597E+00
    0.47800E+02    0.47800E+02    0.99572E+00
    0.47900E+02    0.47900E+02    0.99519E+00
    0.48000E+02    0.48000E+02    0.99456E+00
    0.48100E+02    0.48100E+02    0.99406E+00
    0.48200E+02    0.48200E+02    0.99386E+00
    0.48300E+02    0.48300E+02    0.99398E+00
    0.48400E+02    0.48400E+02    0.99425E+00
    0.48500E+02    0.48500E+02    0.99444E+00
    0.48600E+02    0.48600E+02    0.99435E+00
    0.48700E+02    0.48700E+02    0.99392E+00
    0.48800E+02    0.48800E+02    0.99325E+00
    0.48900E+02    0.48900E+02    0.99253E+00
    0.49000E+02    0.49000E+02    0.99200E+00
    0.49100E+02    0.49100E+02    0.99178E+00
    0.49200E+02    0.49200E+02    0.99182E+00
    0.49300E+02    0.49300E+02    0.99196E+00
    0.49400E+02    0.49400E+02    0.99196E+00
    0.49500E+02    0.49500E+02    0.99164E+00
    0.49600E+02    0.49600E+02    0.99098E+00
    0.49700E+02    0.49700E+02    0.99010E+00
    0.49800E+02    0.49800E+02    0.98922E+00
    0.49900E+02    0.49900E+02    0.98855E+00
    0.50000E+02    0.50000E+02    0.98816E+00
    0.50100E+02    0.50100E+02    0.98801E+00
    0.50200E+02    0.50200E+02    0.98789E+00
    0.50300E+02    0.50300E+02    0.98758E+00
    0.50400E+02    0.50400E+02    0.98693E+00
    0.50500E+02    0.50500E+02    0.98592E+00
    0.50600E+02    0.50600E+02    0.98472E+00
    0.50700E+02    0.50700E+02    0.98352E+00
    0.50800E+02    0.50800E+02    0.98251E+00
    0.50900E+02    0.50900E+02    0.98178E+00
    0.51000E+02    0.51000E+02    0.98123E+00
    0.51100E+02    0.51100E+02    0.98067E+00
    0.51200E+02    0.51200E+02    0.97988E+00
    0.51300E+02    0.51300E+02    0.97873E+00
    0.51400E+02    0.51400E+02    0.97722E+00
    0.51500E+02    0.51500E+02    0.97549E+00
    0.51600E+02    0.51600E+02    0.97376E+00
    0.51700E+02    0.51700E+02    0.97221E+00
    0.51800E+02    0.51800E+02    0.97089E+00
    0.51900E+02    0.51900E+02    0.96973E+00
    0.52000E+02    0.52000E+02    0.96853E+00
    0.52100E+02    0.52100E+02    0.96707E+00
    0.52200E+02    0.52200E+02    0.96525E+00
    0.52300E+02    0.52300E+02    0.96305E+00
    0.52400E+02    0.52400E+02    0.96062E+00
    0.52500E+02    0.52500E+02    0.95816E+00
    0.52600E+02    0.52600E+02    0.95585E+00
    0.52700E+02    0.52700E+02    0.95375E+00
    0.52800E+02    0.52800E+02    0.95179E+00
    0.52900E+02    0.52900E+02    0.94977E+00
    0.53000E+02    0.53000E+02    0.94752E+00
    0.53100E+02    0.53100E+02    0.94488E+00
    0.53200E+02    0.53200E+02    0.94186E+00
    0.53300E+02    0.53300E+02    0.93859E+00
    0.53400E+02    0.53400E+02    0.93525E+00
    0.53500E+02    0.53500E+02    0.93201E+00
    0.53600E+02    0.53600E+02    0.92895E+00
    0.53700E+02    0.53700E+02    0.92601E+00
    0.53800E+02    0.53800E+02    0.92302E+00
    0.53900E+02    0.53900E+02    0.91980E+00
    0.54000E+02    0.54000E+02    0.91620E+00
    0.54100E+02    0.54100E+02    0.91220E+00
    0.54200E+02    0.54200E+02    0.90790E+00
    0.54300E+02    0.54300E+02    0.90347E+00
    0.54400E+02    0.54400E+02    0.89907E+00
    0.54500E+02    0.54500E+02    0.89478E+00
    0.54600E+02    0.54600E+02    0.89059E+00
    0.54700E+02    0.54700E+02    0.88635E+00
    0.54800E+02    0.54800E+02    0.88188E+00
    0.54900E+02    0.54900E+02    0.87703E+00
    0.55000E+02    0.55000E+02    0.87175E+00
    0.55100E+02    0.55100E+02    0.86611E+00
    0.55200E+02    0.55200E+02    0.86024E+00
    0.55300E+02    0.55300E+02    0.85430E+00
    0.55400E+02    0.55400E+02    0.84839E+00
    0.55500E+02    0.55500E+02    0.84251E+00
    0.55600E+02    0.55600E+02    0.83657E+00
    0.55700E+02    0.55700E+02    0.83039E+00
    0.55800E+02    0.55800E+02    0.82383E+00
    0.55900E+02    0.55900E+02    0.81681E+00
    0.56000E+02    0.56000E+02    0.80935E+00
    0.56100E+02    0.56100E+02    0.80156E+00
    0.56200E+02    0.56200E+02    0.79357E+00
    0.56300E+02    0.56300E+02    0.78551E+00
    0.56400E+02    0.56400E+02    0.77741E+00
    0.56500E+02    0.56500E+02    0.76920E+00
    0.56600E+02    0.56600E+02    0.76076E+00
    0.56700E+02    0.56700E+02    0.75196E+00
    0.56800E+02    0.56800E+02    0.74269E+00
    0.56900E+02    0.56900E+02    0.73295E+00
    0.57000E+02    0.57000E+02    0.72280E+00
    0.57100E+02    0.57100E+02    0.71238E+00
    0.57200E+02    0.57200E+02    0.70180E+00
    0.57300E+02    0.57300E+02    0.69114E+00
    0.57400E+02    0.57400E+02    0.68038E+00
    0.57500E+02    0.57500E+02    0.66946E+00
    0.57600E+02    0.57600E+02    0.65826E+00
    0.57700E+02    0.57700E+02    0.64670E+00
    0.57800E+02    0.57800E+02    0.63473E+00
    0.57900E+02    0.57900E+02    0.62242E+00
    0.58000E+02    0.58000E+02    0.60984E+00
    0.58100E+02    0.58100E+02    0.59713E+00
    0.58200E+02    0.58200E+02    0.58440E+00
    0.58300E+02    0.58300E+02    0.57167E+00
    0.58400E+02    0.58400E+02    0.55894E+00
    0.58500E+02    0.58500E+02    0.54614E+00
    0.58600E+02    0.58600E+02    0.53319E+00
    0.58700E+02    0.58700E+02    0.52005E+00
    0.58800E+02    0.58800E+02    0.50673E+00
    0.58900E+02    0.58900E+02    0.49330E+00
    0.59000E+02    0.59000E+02    0.47986E+00
    0.59100E+02    0.59100E+02    0.46651E+00
    0.59200E+02    0.59200E+02    0.45334E+00
    0.59300E+02    0.59300E+02    0.44036E+00
    0.59400E+02    0.59400E+02    0.42756E+00
    0.59500E+02    0.59500E+02    0.41487E+00
    0.59600E+02    0.59600E+02    0.40225E+00
    0.59700E+02    0.59700E+02    0.38966E+00
    0.59800E+02    0.59800E+02    0.37714E+00
    0.59900E+02    0.59900E+02    0.36474E+00
    0.60000E+02    0.60000E+02    0.35254E+00
    0.60100E+02    0.60100E+02    0.34062E+00
    0.60200E+02    0.60200E+02    0.32902E+00
    0.60300E+02    0.60300E+02    0.31776E+00
    0.60400E+02    0.60400E+02    0.30681E+00
    0.60500E+02    0.60500E+02    0.29611E+00
    0.60600E+02    0.60600E+02    0.28562E+00
    0.60700E+02    0.60700E+02    0.27531E+00
    0.60800E+02    0.60800E+02    0.26519E+00
    0.60900E+02    0.60900E+02    0.25530E+00
    0.61000E+02    0.61000E+02    0.24569E+00
    0.61100E+02    0.61100E+02    0.23641E+00
    0.61200E+02    0.61200E+02    0.22749E+00
    0.61300E+02    0.61300E+02    0.21894E+00
    0.61400E+02    0.61400E+02    0.21071E+00
    0.61500E+02    0.61500E+02    0.20278E+00
    0.61600E+02    0.61600E+02    0.19509E+00
    0.61700E+02    0.61700E+02    0.18761E+00
    0.61800E+02    0.61800E+02    0.18033E+00
    0.61900E+02    0.61900E+02    0.17327E+00
    0.62000E+02    0.62000E+02    0.16646E+00
    0.62100E+02    0.62100E+02    0.15993E+00
    0.62200E+02    0.62200E+02    0.15370E+00
    0.62300E+02    0.62300E+02    0.14778E+00
    0.62400E+02    0.62400E+02    0.14215E+00
    0.62500E+02    0.62500E+02    0.13678E+00
    0.62600E+02    0.62600E+02    0.13162E+00
    0.62700E+02    0.62700E+02    0.12664E+00
    0.62800E+02    0.62800E+02    0.12182E+00
    0.62900E+02    0.62900E+02    0.11716E+00
    0.63000E+02    0.63000E+02    0.11267E+00
    0.63100E+02    0.63100E+02    0.10838E+00
    0.63200E+02    0.63200E+02    0.10430E+00
    0.63300E+02    0.63300E+02    0.10044E+00
    0.63400E+02    0.63400E+02    0.96797E-01
    0.63500E+02    0.63500E+02    0.93356E-01
    0.63600E+02    0.63600E+02    0.90087E-01
    0.63700E+02    0.63700E+02    0.86958E-01
    0.63800E+02    0.63800E+02    0.83944E-01
    0.63900E+02    0.63900E+02    0.81031E-01
    0.64000E+02    0.64000E+02    0.78217E-01
